,ListOrdersController,SendOrderConfirmationEmailAdvice,OrderFormController,ViewOrderController,ListOrders(jsp),ViewOrder(jsp),NewOrderForm(jsp),ShippingForm(jsp),ConfirmOrder(jsp),OrderDao,LineItem,OrderValidator,Order,OrderService,OrderServiceClient,JaxRpcOrderService,OrderForm,Sequence,SqlMapSequenceDao,SqlMapOrderDao,sequence(table),lineitem(table),orders(table),orderstatus(table),AccountDao,AccountValidator,Account,SignonInterceptor,UserSession,SignonController,AccountFormController,AccountForm,SqlMapAccountDao,SignoffController,account(table),profile(table),signon(table),bannerdata(table),EditAccountForm(jsp),SignonForm(jsp),IncludeAccountFields(jsp),IncludeMyList(jsp),Cart,CartItem,RemoveItemFromCartController,UpdateCartQuantitiesController,ViewCartController,AddItemToCartController,Cart(jsp),Checkout(jsp),CategoryDao,ProductDao,Product,Category,ViewItemController,ViewCategoryController,ViewProductController,SearchProductsController,SqlMapCategoryDao,SqlMapProductDao,category(table),SearchProducts(jsp),Category(jsp),Item(jsp),Product(jsp),ItemDao,product(table),item(table),inventory(table),supplier(table),Item,SqlMapItemDao,index(jsp),PetStoreFacade,PetStoreImpl,Error(jsp),IncludeBanner(jsp),IncludeBottom(jsp),IncludeQuickHeader(jsp),IncludeTop(jsp),index(html),help(html),OracleSequenceDao,MsSqlOrderDao
ListOrdersController,0.49467333166744715,0.29851955963487337,0.7955177635011927,0.7085033572212401,0.49467333166744715,0.7085033572212401,0.7955177635011927,0.3726158362801499,0.7901444864386388,0.7085033572212401,0.9087276669968053,0.8322536346170372,0.7085033572212401,0.21383002555379305,0.2721996433102496,0.2917566774852587,0.7955177635011927,0.9538767811626818,0.9538767811626818,0.7085033572212401,0.9538767811626818,0.9087276669968053,0.49467333166744715,0.8127636159766611,0.749172654138172,0.43372248464658725,0.6849855680431078,0.7862546707557062,0.7095141684299101,0.4140830776229919,0.41363138626821,0.41363138626821,0.749172654138172,0.43290969689068487,0.749172654138172,0.8000857607136016,0.7638699449171859,0.8049580307089684,0.4382380212129914,0.8176119067086328,0.43206583758463407,0.462409311254439,0.820211403055728,0.7834071732571022,0.43457510772175323,0.38858214882570363,0.820211403055728,0.43362030596290835,0.47042453576153404,0.9154259585948901,0.42145279216648435,0.41585258838424766,0.6631892542179713,0.42145279216648435,0.41405433532935815,0.42145279216648435,0.41585258838424766,0.3904261750168548,0.42145279216648435,0.41585258838424766,0.42145279216648435,0.3904261750168548,0.42145279216648435,0.41405433532935815,0.41585258838424766,0.6996541165284877,0.41585258838424766,0.41405433532935815,0.5985497553520289,0.38237205312579375,0.6996541165284877,0.6996541165284877,0.41394285581408424,0.685310384330524,0.6677857090809213,0.4847798650340982,0.44826835787872765,0.7450740372489608,0.4557297663510746,0.7097459770881626,0.41394285581408424,0.4847798650340982,0.47812397584015354,0.33644799814531157
SendOrderConfirmationEmailAdvice,0.29851955963487337,0.0,0.246424045281543,0.2511437403461871,0.29851955963487337,0.2511437403461871,0.246424045281543,0.32441033593642654,0.21598478008170272,0.2511437403461871,0.3721659414661059,0.28293103739136843,0.2511437403461871,0.2511437403461871,0.26704724945219166,0.2833209431817723,0.246424045281543,0.4426336675217708,0.4426336675217708,0.2511437403461871,0.4426336675217708,0.3721659414661059,0.29851955963487337,0.2812769214814517,0.3358200444548225,0.3327995797688659,0.3358200444548225,0.43885907164894683,0.3972593639102802,0.3586135221531502,0.2987186864886669,0.2987186864886669,0.3358200444548225,0.35285405118125573,0.3358200444548225,0.3779849621882966,0.3586135221531502,0.4655864700944143,0.2846116208146712,0.34856404856998147,0.365645677360567,0.4396507223922599,0.45431421875957867,0.3982201471729896,0.3659151067198721,0.3459517754066304,0.45431421875957867,0.3982201471729896,0.45431421875957867,0.3951810392209245,0.46704364689445615,0.44292161769964716,0.44292161769964716,0.46704364689445615,0.3721659414661059,0.46704364689445615,0.44292161769964716,0.3991817951746918,0.46704364689445615,0.44292161769964716,0.46704364689445615,0.3991817951746918,0.46704364689445615,0.3721659414661059,0.44292161769964716,0.3721659414661059,0.44292161769964716,0.3721659414661059,0.41032067736999267,0.4300351692886072,0.3721659414661059,0.3721659414661059,0.44406656787835375,0.41416599120433856,0.4003341575282344,0.4847798650340982,0.44180404592702177,0.4043935461471574,0.3652799077417611,0.4396507223922599,0.44406656787835375,0.4847798650340982,0.4117719790345506,0.3697111151419076
OrderFormController,0.7955177635011927,0.246424045281543,0.49467333166744737,0.6082972159336625,0.7955177635011927,0.6082972159336625,0.49467333166744737,0.22275059400923883,0.7360568649531364,0.6082972159336625,0.8823396424233675,0.7432812069232209,0.6082972159336625,0.11362388426621536,0.23581531514145057,0.2302022631469633,0.49467333166744737,0.8741523074646751,0.8741523074646751,0.6082972159336625,0.8741523074646751,0.8823396424233675,0.7955177635011927,0.6830482171444154,0.7196104088389578,0.3865298645487805,0.6554233227438935,0.8211664193621669,0.6901924785169681,0.3757728959003968,0.18254820591298312,0.18254820591298312,0.7196104088389578,0.42731132481503886,0.7196104088389578,0.7570388547150904,0.7255597631945908,0.7963069042068118,0.25928818104031087,0.4563632953227217,0.3804408853981278,0.448157391678374,0.8148130862564885,0.7642909637332869,0.3803674660172594,0.3916284608082403,0.8148130862564885,0.4145040964390929,0.4650262189622946,0.9154330703480374,0.38374338901388083,0.43511632960151747,0.682452995435241,0.38374338901388083,0.38766631075592034,0.38374338901388083,0.43511632960151747,0.42241633040074394,0.38374338901388083,0.43511632960151747,0.38374338901388083,0.42241633040074394,0.38374338901388083,0.38766631075592034,0.43511632960151747,0.67326609195505,0.43511632960151747,0.38766631075592034,0.7083680259389888,0.4141282251747518,0.67326609195505,0.67326609195505,0.4509906381089321,0.6712483968456249,0.6980529142556996,0.4847798650340982,0.4327364016316605,0.6655603830132255,0.40514580660751415,0.6954940575120976,0.4509906381089321,0.4847798650340982,0.40166767570061557,0.2922084967621651
ViewOrderController,0.7085033572212401,0.2511437403461871,0.6082972159336625,0.49467333166744715,0.7085033572212401,0.49467333166744715,0.6082972159336625,0.3615236995549312,0.6965658441886227,0.49467333166744715,0.8866283834364312,0.7161684352202727,0.49467333166744715,0.0,0.1494900239535831,0.16408337346338758,0.6082972159336625,0.9054286167760979,0.9054286167760979,0.49467333166744715,0.9054286167760979,0.8866283834364312,0.7085033572212401,0.6474162558720836,0.7423295438424473,0.428849454303601,0.6781424577473831,0.7924284812722104,0.6903220839008744,0.43767861771697886,0.3636902534013723,0.3636902534013723,0.7423295438424473,0.43257456180532117,0.7423295438424473,0.7657862048636656,0.7874654850111727,0.8187872287634183,0.3842850114146059,0.7401009589901693,0.43132163081797786,0.4858884621652749,0.8243572845538223,0.7732075792998481,0.397816302587765,0.40738856117284133,0.8243572845538223,0.42342071200565407,0.47457041725962834,0.8970374171539109,0.423293114337542,0.44341503455104525,0.6907517003847687,0.423293114337542,0.3919550517689841,0.423293114337542,0.44341503455104525,0.42141769308117905,0.423293114337542,0.44341503455104525,0.423293114337542,0.42141769308117905,0.423293114337542,0.3919550517689841,0.44341503455104525,0.6775548329681138,0.44341503455104525,0.3919550517689841,0.6666633863843133,0.40846296847048025,0.6775548329681138,0.6775548329681138,0.45359699458761776,0.668503029495877,0.684574798058889,0.4847798650340982,0.4735361498291288,0.7093280488142798,0.44463526581009116,0.7332251279989985,0.45359699458761776,0.4847798650340982,0.44692281845661097,0.2338417988477004
ListOrders(jsp),0.49467333166744715,0.29851955963487337,0.7955177635011927,0.7085033572212401,0.49467333166744715,0.7085033572212401,0.7955177635011927,0.3726158362801499,0.7901444864386388,0.7085033572212401,0.9087276669968053,0.8322536346170372,0.7085033572212401,0.21383002555379305,0.2721996433102496,0.2917566774852587,0.7955177635011927,0.9538767811626818,0.9538767811626818,0.7085033572212401,0.9538767811626818,0.9087276669968053,0.49467333166744715,0.8127636159766611,0.749172654138172,0.43372248464658725,0.6849855680431078,0.7862546707557062,0.7095141684299101,0.4140830776229919,0.41363138626821,0.41363138626821,0.749172654138172,0.43290969689068487,0.749172654138172,0.8000857607136016,0.7638699449171859,0.8049580307089684,0.4382380212129914,0.8176119067086328,0.43206583758463407,0.462409311254439,0.820211403055728,0.7834071732571022,0.43457510772175323,0.38858214882570363,0.820211403055728,0.43362030596290835,0.47042453576153404,0.9154259585948901,0.42145279216648435,0.41585258838424766,0.6631892542179713,0.42145279216648435,0.41405433532935815,0.42145279216648435,0.41585258838424766,0.3904261750168548,0.42145279216648435,0.41585258838424766,0.42145279216648435,0.3904261750168548,0.42145279216648435,0.41405433532935815,0.41585258838424766,0.6996541165284877,0.41585258838424766,0.41405433532935815,0.5985497553520289,0.38237205312579375,0.6996541165284877,0.6996541165284877,0.41394285581408424,0.685310384330524,0.6677857090809213,0.4847798650340982,0.44826835787872765,0.7450740372489608,0.4557297663510746,0.7097459770881626,0.41394285581408424,0.4847798650340982,0.47812397584015354,0.33644799814531157
ViewOrder(jsp),0.7085033572212401,0.2511437403461871,0.6082972159336625,0.49467333166744715,0.7085033572212401,0.49467333166744715,0.6082972159336625,0.3615236995549312,0.6965658441886227,0.49467333166744715,0.8866283834364312,0.7161684352202727,0.49467333166744715,0.0,0.1494900239535831,0.16408337346338758,0.6082972159336625,0.9054286167760979,0.9054286167760979,0.49467333166744715,0.9054286167760979,0.8866283834364312,0.7085033572212401,0.6474162558720836,0.7423295438424473,0.428849454303601,0.6781424577473831,0.7924284812722104,0.6903220839008744,0.43767861771697886,0.3636902534013723,0.3636902534013723,0.7423295438424473,0.43257456180532117,0.7423295438424473,0.7657862048636656,0.7874654850111727,0.8187872287634183,0.3842850114146059,0.7401009589901693,0.43132163081797786,0.4858884621652749,0.8243572845538223,0.7732075792998481,0.397816302587765,0.40738856117284133,0.8243572845538223,0.42342071200565407,0.47457041725962834,0.8970374171539109,0.423293114337542,0.44341503455104525,0.6907517003847687,0.423293114337542,0.3919550517689841,0.423293114337542,0.44341503455104525,0.42141769308117905,0.423293114337542,0.44341503455104525,0.423293114337542,0.42141769308117905,0.423293114337542,0.3919550517689841,0.44341503455104525,0.6775548329681138,0.44341503455104525,0.3919550517689841,0.6666633863843133,0.40846296847048025,0.6775548329681138,0.6775548329681138,0.45359699458761776,0.668503029495877,0.684574798058889,0.4847798650340982,0.4735361498291288,0.7093280488142798,0.44463526581009116,0.7332251279989985,0.45359699458761776,0.4847798650340982,0.44692281845661097,0.2338417988477004
NewOrderForm(jsp),0.7955177635011927,0.246424045281543,0.49467333166744737,0.6082972159336625,0.7955177635011927,0.6082972159336625,0.49467333166744737,0.22275059400923883,0.7360568649531364,0.6082972159336625,0.8823396424233675,0.7432812069232209,0.6082972159336625,0.11362388426621536,0.23581531514145057,0.2302022631469633,0.49467333166744737,0.8741523074646751,0.8741523074646751,0.6082972159336625,0.8741523074646751,0.8823396424233675,0.7955177635011927,0.6830482171444154,0.7196104088389578,0.3865298645487805,0.6554233227438935,0.8211664193621669,0.6901924785169681,0.3757728959003968,0.18254820591298312,0.18254820591298312,0.7196104088389578,0.42731132481503886,0.7196104088389578,0.7570388547150904,0.7255597631945908,0.7963069042068118,0.25928818104031087,0.4563632953227217,0.3804408853981278,0.448157391678374,0.8148130862564885,0.7642909637332869,0.3803674660172594,0.3916284608082403,0.8148130862564885,0.4145040964390929,0.4650262189622946,0.9154330703480374,0.38374338901388083,0.43511632960151747,0.682452995435241,0.38374338901388083,0.38766631075592034,0.38374338901388083,0.43511632960151747,0.42241633040074394,0.38374338901388083,0.43511632960151747,0.38374338901388083,0.42241633040074394,0.38374338901388083,0.38766631075592034,0.43511632960151747,0.67326609195505,0.43511632960151747,0.38766631075592034,0.7083680259389888,0.4141282251747518,0.67326609195505,0.67326609195505,0.4509906381089321,0.6712483968456249,0.6980529142556996,0.4847798650340982,0.4327364016316605,0.6655603830132255,0.40514580660751415,0.6954940575120976,0.4509906381089321,0.4847798650340982,0.40166767570061557,0.2922084967621651
ShippingForm(jsp),0.3726158362801499,0.32441033593642654,0.22275059400923883,0.3615236995549312,0.3726158362801499,0.3615236995549312,0.22275059400923883,0.0,0.38293398952899205,0.3615236995549312,0.38181234689109966,0.358459034823011,0.3615236995549312,0.3615236995549312,0.3774502735690867,0.36451224718364283,0.22275059400923883,0.4292617332410745,0.4292617332410745,0.3615236995549312,0.4292617332410745,0.38181234689109966,0.3726158362801499,0.3751242366087263,0.40471760384361344,0.3868020661965179,0.40471760384361344,0.48509924897855367,0.4004700103027795,0.403986057367183,0.264848544691647,0.264848544691647,0.40471760384361344,0.44849183436774853,0.40471760384361344,0.4373509574195717,0.403986057367183,0.4771619729833326,0.30418144781348033,0.2051280135165931,0.3775501506461816,0.39697800406584804,0.41967727519615855,0.38066684183459065,0.3627555017716603,0.3367148773369329,0.41967727519615855,0.38066684183459065,0.41967727519615855,0.37282326276630545,0.4331492493461495,0.35717817465261775,0.35717817465261775,0.4331492493461495,0.38181234689109966,0.4331492493461495,0.35717817465261775,0.3617663245516153,0.4331492493461495,0.35717817465261775,0.4331492493461495,0.3617663245516153,0.4331492493461495,0.38181234689109966,0.35717817465261775,0.38181234689109966,0.35717817465261775,0.38181234689109966,0.3608550316265778,0.3466655374517663,0.38181234689109966,0.38181234689109966,0.44673667238602516,0.41373218367114106,0.3836789282064951,0.4847798650340982,0.4236639252384443,0.3500937575032171,0.37880857088408076,0.39697800406584804,0.44673667238602516,0.4847798650340982,0.40948813856466254,0.3882457756708856
ConfirmOrder(jsp),0.7901444864386388,0.21598478008170272,0.7360568649531364,0.6965658441886227,0.7901444864386388,0.6965658441886227,0.7360568649531364,0.38293398952899205,0.49467333166744737,0.6965658441886227,0.9005943870017261,0.773493113452422,0.6965658441886227,0.2018925125211755,0.25626824196982345,0.29621414510165117,0.7360568649531364,0.9118149315449382,0.9118149315449382,0.6965658441886227,0.9118149315449382,0.9005943870017261,0.7901444864386388,0.7497684613045624,0.6892904621231495,0.35406935619366836,0.6251033760280851,0.7907251830758303,0.6814083218334853,0.3788765994292636,0.32472237390379716,0.32472237390379716,0.6892904621231495,0.4056847394748104,0.6892904621231495,0.7532513687907542,0.7286634667234575,0.8260370393198833,0.33190586642508524,0.7385610276723469,0.3551727525129053,0.39345602876354857,0.8311198447798335,0.7859429344812884,0.39290183584036853,0.37654442869664284,0.8311198447798335,0.4361560671870944,0.4813329774856396,0.9259370499903232,0.4664514741484628,0.4557583574258101,0.7030950232595337,0.4664514741484628,0.40592105533427897,0.4664514741484628,0.4557583574258101,0.4044556277764475,0.4664514741484628,0.4557583574258101,0.4664514741484628,0.4044556277764475,0.4664514741484628,0.40592105533427897,0.4557583574258101,0.6915208365334086,0.4557583574258101,0.40592105533427897,0.6877833306656028,0.4075272642303856,0.6915208365334086,0.6915208365334086,0.4644644002829172,0.6772129670424757,0.676037303090603,0.4847798650340982,0.42075357906364,0.6497705106272933,0.39421507642285336,0.6407926945972722,0.4644644002829172,0.4847798650340982,0.42956180803615635,0.3489445525311904
OrderDao,0.7085033572212401,0.2511437403461871,0.6082972159336625,0.49467333166744715,0.7085033572212401,0.49467333166744715,0.6082972159336625,0.3615236995549312,0.6965658441886227,0.49467333166744715,0.8866283834364312,0.7161684352202727,0.49467333166744715,0.0,0.1494900239535831,0.16408337346338758,0.6082972159336625,0.9054286167760979,0.9054286167760979,0.49467333166744715,0.9054286167760979,0.8866283834364312,0.7085033572212401,0.6474162558720836,0.7423295438424473,0.428849454303601,0.6781424577473831,0.7924284812722104,0.6903220839008744,0.43767861771697886,0.3636902534013723,0.3636902534013723,0.7423295438424473,0.43257456180532117,0.7423295438424473,0.7657862048636656,0.7874654850111727,0.8187872287634183,0.3842850114146059,0.7401009589901693,0.43132163081797786,0.4858884621652749,0.8243572845538223,0.7732075792998481,0.397816302587765,0.40738856117284133,0.8243572845538223,0.42342071200565407,0.47457041725962834,0.8970374171539109,0.423293114337542,0.44341503455104525,0.6907517003847687,0.423293114337542,0.3919550517689841,0.423293114337542,0.44341503455104525,0.42141769308117905,0.423293114337542,0.44341503455104525,0.423293114337542,0.42141769308117905,0.423293114337542,0.3919550517689841,0.44341503455104525,0.6775548329681138,0.44341503455104525,0.3919550517689841,0.6666633863843133,0.40846296847048025,0.6775548329681138,0.6775548329681138,0.45359699458761776,0.668503029495877,0.684574798058889,0.4847798650340982,0.4735361498291288,0.7093280488142798,0.44463526581009116,0.7332251279989985,0.45359699458761776,0.4847798650340982,0.44692281845661097,0.2338417988477004
LineItem,0.9087276669968053,0.3721659414661059,0.8823396424233675,0.8866283834364312,0.9087276669968053,0.8866283834364312,0.8823396424233675,0.38181234689109966,0.9005943870017261,0.8866283834364312,0.49467333166744715,0.8720766530393631,0.8866283834364312,0.3919550517689841,0.4122921911413285,0.3256152581631262,0.8823396424233675,0.914394476451136,0.914394476451136,0.8866283834364312,0.914394476451136,0.49467333166744715,0.9087276669968053,0.8747837496146134,0.7454896260226177,0.3837334025891951,0.6813025399275534,0.7710367265077247,0.6140787141187383,0.4316069220489889,0.38725960179204544,0.38725960179204544,0.7454896260226177,0.4419893126141464,0.7454896260226177,0.8334313697246949,0.7813937893431828,0.7901444425560863,0.3568141836422719,0.7767675221916027,0.43238564317275163,0.46961100473104167,0.7079002982620065,0.4649493065023462,0.15680625699556525,0.2953422936707703,0.7079002982620065,0.11516243920815224,0.35811343096781256,0.8137603677190451,0.36742350672826535,0.36017905367419073,0.6075157195079143,0.36742350672826535,0.0,0.36742350672826535,0.36017905367419073,0.3898781557222955,0.36742350672826535,0.36017905367419073,0.36742350672826535,0.3898781557222955,0.36742350672826535,0.0,0.36017905367419073,0.28559978119912965,0.36017905367419073,0.0,0.6550779991915354,0.4031960179927468,0.28559978119912965,0.28559978119912965,0.41493276295696824,0.6084658960716657,0.581326803143754,0.4847798650340982,0.44159678290778975,0.70045745537199,0.4677254686733857,0.7169476705647653,0.41493276295696824,0.4847798650340982,0.41376408709130974,0.3850518237417695
OrderValidator,0.8322536346170372,0.28293103739136843,0.7432812069232209,0.7161684352202727,0.8322536346170372,0.7161684352202727,0.7432812069232209,0.358459034823011,0.773493113452422,0.7161684352202727,0.8720766530393631,0.49467333166744715,0.7161684352202727,0.22149510355282562,0.26298275953299294,0.24668974715794376,0.7432812069232209,0.8959075876530169,0.8959075876530169,0.7161684352202727,0.8959075876530169,0.8720766530393631,0.8322536346170372,0.7634042217246548,0.7144305035859432,0.12164801478964603,0.6502434174908789,0.7852163034679316,0.593149419016626,0.4218789913763705,0.3380933763587041,0.3380933763587041,0.7144305035859432,0.3482960721210156,0.7144305035859432,0.7589681029759157,0.7716658586705645,0.8109105518130526,0.33123980455661106,0.7305130104671215,0.4110852327008916,0.4556112888209204,0.7685278783441487,0.7272367040026073,0.3626854542141592,0.37672552507815343,0.7685278783441487,0.3774498367084134,0.4187410110499547,0.8369785049758899,0.42593814099041627,0.392904795971131,0.6402414618048545,0.42593814099041627,0.3774033213719159,0.42593814099041627,0.392904795971131,0.41403397584622353,0.42593814099041627,0.392904795971131,0.42593814099041627,0.41403397584622353,0.42593814099041627,0.3774033213719159,0.392904795971131,0.6630031025710456,0.392904795971131,0.3774033213719159,0.6937458979691961,0.3790032310805964,0.6630031025710456,0.6630031025710456,0.4324273583147668,0.6799275049333144,0.6898170084049665,0.4847798650340982,0.44848798818343294,0.6909419347041957,0.4264678488434955,0.702947954654644,0.4324273583147668,0.4847798650340982,0.3786383369125853,0.29306491810778174
Order,0.7085033572212401,0.2511437403461871,0.6082972159336625,0.49467333166744715,0.7085033572212401,0.49467333166744715,0.6082972159336625,0.3615236995549312,0.6965658441886227,0.49467333166744715,0.8866283834364312,0.7161684352202727,0.49467333166744715,0.0,0.1494900239535831,0.16408337346338758,0.6082972159336625,0.9054286167760979,0.9054286167760979,0.49467333166744715,0.9054286167760979,0.8866283834364312,0.7085033572212401,0.6474162558720836,0.7423295438424473,0.428849454303601,0.6781424577473831,0.7924284812722104,0.6903220839008744,0.43767861771697886,0.3636902534013723,0.3636902534013723,0.7423295438424473,0.43257456180532117,0.7423295438424473,0.7657862048636656,0.7874654850111727,0.8187872287634183,0.3842850114146059,0.7401009589901693,0.43132163081797786,0.4858884621652749,0.8243572845538223,0.7732075792998481,0.397816302587765,0.40738856117284133,0.8243572845538223,0.42342071200565407,0.47457041725962834,0.8970374171539109,0.423293114337542,0.44341503455104525,0.6907517003847687,0.423293114337542,0.3919550517689841,0.423293114337542,0.44341503455104525,0.42141769308117905,0.423293114337542,0.44341503455104525,0.423293114337542,0.42141769308117905,0.423293114337542,0.3919550517689841,0.44341503455104525,0.6775548329681138,0.44341503455104525,0.3919550517689841,0.6666633863843133,0.40846296847048025,0.6775548329681138,0.6775548329681138,0.45359699458761776,0.668503029495877,0.684574798058889,0.4847798650340982,0.4735361498291288,0.7093280488142798,0.44463526581009116,0.7332251279989985,0.45359699458761776,0.4847798650340982,0.44692281845661097,0.2338417988477004
OrderService,0.21383002555379305,0.2511437403461871,0.11362388426621536,0.0,0.21383002555379305,0.0,0.11362388426621536,0.3615236995549312,0.2018925125211755,0.0,0.3919550517689841,0.22149510355282562,0.0,0.0,0.1494900239535831,0.16408337346338758,0.11362388426621536,0.41075528510865067,0.41075528510865067,0.0,0.41075528510865067,0.3919550517689841,0.21383002555379305,0.15274292420463648,0.3925426765482534,0.428849454303601,0.3925426765482534,0.4426416139780165,0.44298541806715075,0.43767861771697886,0.3636902534013723,0.3636902534013723,0.3925426765482534,0.43257456180532117,0.3925426765482534,0.4159993375694716,0.43767861771697886,0.46900036146922436,0.3842850114146059,0.39031409169597525,0.43132163081797786,0.4858884621652749,0.47457041725962834,0.42342071200565407,0.397816302587765,0.40738856117284133,0.47457041725962834,0.42342071200565407,0.47457041725962834,0.40236408548646385,0.423293114337542,0.44341503455104525,0.44341503455104525,0.423293114337542,0.3919550517689841,0.423293114337542,0.44341503455104525,0.42141769308117905,0.423293114337542,0.44341503455104525,0.423293114337542,0.42141769308117905,0.423293114337542,0.3919550517689841,0.44341503455104525,0.3919550517689841,0.44341503455104525,0.3919550517689841,0.38106360518518373,0.40846296847048025,0.3919550517689841,0.3919550517689841,0.45359699458761776,0.42116636366215343,0.43723813222516544,0.4847798650340982,0.4735361498291288,0.4237282676151501,0.44463526581009116,0.4858884621652749,0.45359699458761776,0.4847798650340982,0.44692281845661097,0.2338417988477004
OrderServiceClient,0.2721996433102496,0.26704724945219166,0.23581531514145057,0.1494900239535831,0.2721996433102496,0.1494900239535831,0.23581531514145057,0.3774502735690867,0.25626824196982345,0.1494900239535831,0.4122921911413285,0.26298275953299294,0.1494900239535831,0.1494900239535831,1.6475931674557091e-16,0.24818717984851418,0.23581531514145057,0.419716357371055,0.419716357371055,0.1494900239535831,0.419716357371055,0.4122921911413285,0.2721996433102496,0.23982688299772453,0.3416694517284273,0.3658880460404017,0.3416694517284273,0.4513277139362799,0.32069768158688355,0.4424118411252597,0.3509494759037499,0.3509494759037499,0.3416694517284273,0.4212413524996655,0.3416694517284273,0.3757180314066087,0.4424118411252597,0.47705296039833767,0.36225849215320655,0.43124418859896274,0.39717788203539434,0.4589592979206029,0.4595635609773634,0.42530485290176606,0.40821982969444126,0.40247287574918017,0.4595635609773634,0.42530485290176606,0.4595635609773634,0.42494043893050254,0.4189639480153295,0.36332785792004524,0.36332785792004524,0.4189639480153295,0.4122921911413285,0.4189639480153295,0.36332785792004524,0.387378253944886,0.4189639480153295,0.36332785792004524,0.4189639480153295,0.387378253944886,0.4189639480153295,0.4122921911413285,0.36332785792004524,0.4122921911413285,0.36332785792004524,0.4122921911413285,0.3583095934575857,0.36091818188409175,0.4122921911413285,0.4122921911413285,0.450790512367365,0.38924752810537633,0.3947827846226122,0.4847798650340982,0.46265450753581683,0.4184962010659428,0.41688467232929527,0.4589592979206029,0.450790512367365,0.4847798650340982,0.44902990272424326,0.2973801434230623
JaxRpcOrderService,0.2917566774852587,0.2833209431817723,0.2302022631469633,0.16408337346338758,0.2917566774852587,0.16408337346338758,0.2302022631469633,0.36451224718364283,0.29621414510165117,0.16408337346338758,0.3256152581631262,0.24668974715794376,0.16408337346338758,0.16408337346338758,0.24818717984851418,0.0,0.2302022631469633,0.41233240734684445,0.41233240734684445,0.16408337346338758,0.41233240734684445,0.3256152581631262,0.2917566774852587,0.23391138135272724,0.40742392714208614,0.38365901621245646,0.40742392714208614,0.41414712331261616,0.36359755880658673,0.42444605868521457,0.384934122829072,0.384934122829072,0.40742392714208614,0.4394507496704031,0.40742392714208614,0.44936629965424574,0.42444605868521457,0.44900843092373216,0.3536970832069912,0.4084943950679925,0.42719632639749094,0.4807010319344024,0.40330088855387414,0.3366849328541881,0.336296752059407,0.35850620814846446,0.40330088855387414,0.3366849328541881,0.40330088855387414,0.3399741416134481,0.40728661410302824,0.4314690740351479,0.4314690740351479,0.40728661410302824,0.3256152581631262,0.40728661410302824,0.4314690740351479,0.41903175543585597,0.40728661410302824,0.4314690740351479,0.40728661410302824,0.41903175543585597,0.40728661410302824,0.3256152581631262,0.4314690740351479,0.3256152581631262,0.4314690740351479,0.3256152581631262,0.3791604175463654,0.446685085656663,0.3256152581631262,0.3256152581631262,0.414306505131556,0.39856952282284447,0.40162349739453607,0.4847798650340982,0.45513527314648156,0.418462667466517,0.4294961863549356,0.4807010319344024,0.414306505131556,0.4847798650340982,0.3871601851170219,0.1785556967126271
OrderForm,0.7955177635011927,0.246424045281543,0.49467333166744737,0.6082972159336625,0.7955177635011927,0.6082972159336625,0.49467333166744737,0.22275059400923883,0.7360568649531364,0.6082972159336625,0.8823396424233675,0.7432812069232209,0.6082972159336625,0.11362388426621536,0.23581531514145057,0.2302022631469633,0.49467333166744737,0.8741523074646751,0.8741523074646751,0.6082972159336625,0.8741523074646751,0.8823396424233675,0.7955177635011927,0.6830482171444154,0.7196104088389578,0.3865298645487805,0.6554233227438935,0.8211664193621669,0.6901924785169681,0.3757728959003968,0.18254820591298312,0.18254820591298312,0.7196104088389578,0.42731132481503886,0.7196104088389578,0.7570388547150904,0.7255597631945908,0.7963069042068118,0.25928818104031087,0.4563632953227217,0.3804408853981278,0.448157391678374,0.8148130862564885,0.7642909637332869,0.3803674660172594,0.3916284608082403,0.8148130862564885,0.4145040964390929,0.4650262189622946,0.9154330703480374,0.38374338901388083,0.43511632960151747,0.682452995435241,0.38374338901388083,0.38766631075592034,0.38374338901388083,0.43511632960151747,0.42241633040074394,0.38374338901388083,0.43511632960151747,0.38374338901388083,0.42241633040074394,0.38374338901388083,0.38766631075592034,0.43511632960151747,0.67326609195505,0.43511632960151747,0.38766631075592034,0.7083680259389888,0.4141282251747518,0.67326609195505,0.67326609195505,0.4509906381089321,0.6712483968456249,0.6980529142556996,0.4847798650340982,0.4327364016316605,0.6655603830132255,0.40514580660751415,0.6954940575120976,0.4509906381089321,0.4847798650340982,0.40166767570061557,0.2922084967621651
Sequence,0.9538767811626818,0.4426336675217708,0.8741523074646751,0.9054286167760979,0.9538767811626818,0.9054286167760979,0.8741523074646751,0.4292617332410745,0.9118149315449382,0.9054286167760979,0.914394476451136,0.8959075876530169,0.9054286167760979,0.41075528510865067,0.419716357371055,0.41233240734684445,0.8741523074646751,0.49467333166744715,0.49467333166744715,0.9054286167760979,0.49467333166744715,0.914394476451136,0.9538767811626818,0.9166698025094379,0.802272894980264,0.4285966821035635,0.7380858088851998,0.7821068718772339,0.6564051102980215,0.48147384753731987,0.4101475848649325,0.4101475848649325,0.802272894980264,0.42155801664851483,0.802272894980264,0.7935902544856748,0.8312607148315139,0.8002873525232498,0.37676834775695683,0.7460016617254673,0.4285023569859344,0.4404564024980598,0.8303243405003842,0.7935143676942535,0.45793521851707775,0.43471169927308473,0.8303243405003842,0.44372750040005954,0.4805374732061903,0.8983382590877405,0.4429607099795525,0.4416767537912527,0.6890134196249763,0.4429607099795525,0.4197211447836889,0.4429607099795525,0.4416767537912527,0.45725936102609505,0.4429607099795525,0.4416767537912527,0.4429607099795525,0.45725936102609505,0.4429607099795525,0.4197211447836889,0.4416767537912527,0.7053209259828185,0.4416767537912527,0.4197211447836889,0.7352947705001578,0.4601556048620514,0.7053209259828185,0.7053209259828185,0.45966869156858337,0.699052109827406,0.7250906330815315,0.4847798650340982,0.4308942548693238,0.7003006716961476,0.38203443433363127,0.6877930683317833,0.45966869156858337,0.4847798650340982,0.1755752723476468,0.3955966022432387
SqlMapSequenceDao,0.9538767811626818,0.4426336675217708,0.8741523074646751,0.9054286167760979,0.9538767811626818,0.9054286167760979,0.8741523074646751,0.4292617332410745,0.9118149315449382,0.9054286167760979,0.914394476451136,0.8959075876530169,0.9054286167760979,0.41075528510865067,0.419716357371055,0.41233240734684445,0.8741523074646751,0.49467333166744715,0.49467333166744715,0.9054286167760979,0.49467333166744715,0.914394476451136,0.9538767811626818,0.9166698025094379,0.802272894980264,0.4285966821035635,0.7380858088851998,0.7821068718772339,0.6564051102980215,0.48147384753731987,0.4101475848649325,0.4101475848649325,0.802272894980264,0.42155801664851483,0.802272894980264,0.7935902544856748,0.8312607148315139,0.8002873525232498,0.37676834775695683,0.7460016617254673,0.4285023569859344,0.4404564024980598,0.8303243405003842,0.7935143676942535,0.45793521851707775,0.43471169927308473,0.8303243405003842,0.44372750040005954,0.4805374732061903,0.8983382590877405,0.4429607099795525,0.4416767537912527,0.6890134196249763,0.4429607099795525,0.4197211447836889,0.4429607099795525,0.4416767537912527,0.45725936102609505,0.4429607099795525,0.4416767537912527,0.4429607099795525,0.45725936102609505,0.4429607099795525,0.4197211447836889,0.4416767537912527,0.7053209259828185,0.4416767537912527,0.4197211447836889,0.7352947705001578,0.4601556048620514,0.7053209259828185,0.7053209259828185,0.45966869156858337,0.699052109827406,0.7250906330815315,0.4847798650340982,0.4308942548693238,0.7003006716961476,0.38203443433363127,0.6877930683317833,0.45966869156858337,0.4847798650340982,0.1755752723476468,0.3955966022432387
SqlMapOrderDao,0.7085033572212401,0.2511437403461871,0.6082972159336625,0.49467333166744715,0.7085033572212401,0.49467333166744715,0.6082972159336625,0.3615236995549312,0.6965658441886227,0.49467333166744715,0.8866283834364312,0.7161684352202727,0.49467333166744715,0.0,0.1494900239535831,0.16408337346338758,0.6082972159336625,0.9054286167760979,0.9054286167760979,0.49467333166744715,0.9054286167760979,0.8866283834364312,0.7085033572212401,0.6474162558720836,0.7423295438424473,0.428849454303601,0.6781424577473831,0.7924284812722104,0.6903220839008744,0.43767861771697886,0.3636902534013723,0.3636902534013723,0.7423295438424473,0.43257456180532117,0.7423295438424473,0.7657862048636656,0.7874654850111727,0.8187872287634183,0.3842850114146059,0.7401009589901693,0.43132163081797786,0.4858884621652749,0.8243572845538223,0.7732075792998481,0.397816302587765,0.40738856117284133,0.8243572845538223,0.42342071200565407,0.47457041725962834,0.8970374171539109,0.423293114337542,0.44341503455104525,0.6907517003847687,0.423293114337542,0.3919550517689841,0.423293114337542,0.44341503455104525,0.42141769308117905,0.423293114337542,0.44341503455104525,0.423293114337542,0.42141769308117905,0.423293114337542,0.3919550517689841,0.44341503455104525,0.6775548329681138,0.44341503455104525,0.3919550517689841,0.6666633863843133,0.40846296847048025,0.6775548329681138,0.6775548329681138,0.45359699458761776,0.668503029495877,0.684574798058889,0.4847798650340982,0.4735361498291288,0.7093280488142798,0.44463526581009116,0.7332251279989985,0.45359699458761776,0.4847798650340982,0.44692281845661097,0.2338417988477004
sequence(table),0.9538767811626818,0.4426336675217708,0.8741523074646751,0.9054286167760979,0.9538767811626818,0.9054286167760979,0.8741523074646751,0.4292617332410745,0.9118149315449382,0.9054286167760979,0.914394476451136,0.8959075876530169,0.9054286167760979,0.41075528510865067,0.419716357371055,0.41233240734684445,0.8741523074646751,0.49467333166744715,0.49467333166744715,0.9054286167760979,0.49467333166744715,0.914394476451136,0.9538767811626818,0.9166698025094379,0.802272894980264,0.4285966821035635,0.7380858088851998,0.7821068718772339,0.6564051102980215,0.48147384753731987,0.4101475848649325,0.4101475848649325,0.802272894980264,0.42155801664851483,0.802272894980264,0.7935902544856748,0.8312607148315139,0.8002873525232498,0.37676834775695683,0.7460016617254673,0.4285023569859344,0.4404564024980598,0.8303243405003842,0.7935143676942535,0.45793521851707775,0.43471169927308473,0.8303243405003842,0.44372750040005954,0.4805374732061903,0.8983382590877405,0.4429607099795525,0.4416767537912527,0.6890134196249763,0.4429607099795525,0.4197211447836889,0.4429607099795525,0.4416767537912527,0.45725936102609505,0.4429607099795525,0.4416767537912527,0.4429607099795525,0.45725936102609505,0.4429607099795525,0.4197211447836889,0.4416767537912527,0.7053209259828185,0.4416767537912527,0.4197211447836889,0.7352947705001578,0.4601556048620514,0.7053209259828185,0.7053209259828185,0.45966869156858337,0.699052109827406,0.7250906330815315,0.4847798650340982,0.4308942548693238,0.7003006716961476,0.38203443433363127,0.6877930683317833,0.45966869156858337,0.4847798650340982,0.1755752723476468,0.3955966022432387
lineitem(table),0.9087276669968053,0.3721659414661059,0.8823396424233675,0.8866283834364312,0.9087276669968053,0.8866283834364312,0.8823396424233675,0.38181234689109966,0.9005943870017261,0.8866283834364312,0.49467333166744715,0.8720766530393631,0.8866283834364312,0.3919550517689841,0.4122921911413285,0.3256152581631262,0.8823396424233675,0.914394476451136,0.914394476451136,0.8866283834364312,0.914394476451136,0.49467333166744715,0.9087276669968053,0.8747837496146134,0.7454896260226177,0.3837334025891951,0.6813025399275534,0.7710367265077247,0.6140787141187383,0.4316069220489889,0.38725960179204544,0.38725960179204544,0.7454896260226177,0.4419893126141464,0.7454896260226177,0.8334313697246949,0.7813937893431828,0.7901444425560863,0.3568141836422719,0.7767675221916027,0.43238564317275163,0.46961100473104167,0.7079002982620065,0.4649493065023462,0.15680625699556525,0.2953422936707703,0.7079002982620065,0.11516243920815224,0.35811343096781256,0.8137603677190451,0.36742350672826535,0.36017905367419073,0.6075157195079143,0.36742350672826535,0.0,0.36742350672826535,0.36017905367419073,0.3898781557222955,0.36742350672826535,0.36017905367419073,0.36742350672826535,0.3898781557222955,0.36742350672826535,0.0,0.36017905367419073,0.28559978119912965,0.36017905367419073,0.0,0.6550779991915354,0.4031960179927468,0.28559978119912965,0.28559978119912965,0.41493276295696824,0.6084658960716657,0.581326803143754,0.4847798650340982,0.44159678290778975,0.70045745537199,0.4677254686733857,0.7169476705647653,0.41493276295696824,0.4847798650340982,0.41376408709130974,0.3850518237417695
orders(table),0.49467333166744715,0.29851955963487337,0.7955177635011927,0.7085033572212401,0.49467333166744715,0.7085033572212401,0.7955177635011927,0.3726158362801499,0.7901444864386388,0.7085033572212401,0.9087276669968053,0.8322536346170372,0.7085033572212401,0.21383002555379305,0.2721996433102496,0.2917566774852587,0.7955177635011927,0.9538767811626818,0.9538767811626818,0.7085033572212401,0.9538767811626818,0.9087276669968053,0.49467333166744715,0.8127636159766611,0.749172654138172,0.43372248464658725,0.6849855680431078,0.7862546707557062,0.7095141684299101,0.4140830776229919,0.41363138626821,0.41363138626821,0.749172654138172,0.43290969689068487,0.749172654138172,0.8000857607136016,0.7638699449171859,0.8049580307089684,0.4382380212129914,0.8176119067086328,0.43206583758463407,0.462409311254439,0.820211403055728,0.7834071732571022,0.43457510772175323,0.38858214882570363,0.820211403055728,0.43362030596290835,0.47042453576153404,0.9154259585948901,0.42145279216648435,0.41585258838424766,0.6631892542179713,0.42145279216648435,0.41405433532935815,0.42145279216648435,0.41585258838424766,0.3904261750168548,0.42145279216648435,0.41585258838424766,0.42145279216648435,0.3904261750168548,0.42145279216648435,0.41405433532935815,0.41585258838424766,0.6996541165284877,0.41585258838424766,0.41405433532935815,0.5985497553520289,0.38237205312579375,0.6996541165284877,0.6996541165284877,0.41394285581408424,0.685310384330524,0.6677857090809213,0.4847798650340982,0.44826835787872765,0.7450740372489608,0.4557297663510746,0.7097459770881626,0.41394285581408424,0.4847798650340982,0.47812397584015354,0.33644799814531157
