,0
TradeConfig,0
QuoteDataBean,0
OrderDataBean,0
QuoteJSF,0
HoldingDataBean,0
PortfolioJSF,0
AccountDataBean,0
TradeBuildDB,0
OrderData,0
AccountProfileDataBean,0
quoteDataPrimitive(jsp),0
PingServlet2Include,0
AccountDataJSF,0
PingServlet2Session2Entity2JSP,0
order(xhtml),0
PingJDBCRead2JSP,0
OrderDataJSF,0
PingServlet2IncludeRcv,0
PingServlet2Session2CMROne2One,0
TradeScenarioServlet,0
PingServlet2Session2EntityCollection,0
PingServlet2Session2CMROne2Many,0
PingServlet2TwoPhase,0
TestServlet,0
CompleteOrderThread,0
PingJDBCRead,0
PingServlet2Entity,0
HoldingData,0
PingServlet2Session2Entity,0
PingJDBCWrite,0
quote(xhtml),0
PingServlet2MDBTopic,0
PingServlet2MDBQueue,0
OrdersAlertFilter,0
DTBroker3MDB,0
PingServlet2SessionLocal,0
TradeWebContextListener,0
DTStreamer3MDB,0
PingServlet2SessionRemote,0
PingSession1,0
quoteejb(table),0
config(xhtml),0
portfolio(jsp),0
PingServletLargeContentLength,0
PingServlet30Async,0
PingReentryServlet,0
PingServlet2DB,0
PingServletSetContentLength,0
configure(html),0
accountejb(table),0
PingJspEL(jsp),0
holdingejb(table),0
PingServlet31AsyncRead,0
orderImg(jsp),0
PingWebSocketTextSync(html),0
PingServlet31Async,0
web_prmtv(xhtml),0
accountImg(jsp),0
registerImg(jsp),0
PingWebSocketBinary,0
portfolio(xhtml),0
PingJsf(xhtml),0
register(xhtml),0
PingJsp(jsp),0
PingWebSocketTextAsync(html),0
marketSummary(xhtml),0
ExplicitGC,0
account(jsp),0
PingWebSocketTextAsync,0
welcomeImg(jsp),0
JSFLoginFilter,0
PingServletWriter,0
PingServlet2JNDI,0
PingWebSocketBinary(html),0
orderejb(table),0
PingSession2,0
PingJSONP,0
order(jsp),0
welcome(jsp),0
PingWebSocketJson(html),0
welcome(xhtml),0
PingServlet,0
PingManagedThread,0
accountprofileejb(table),0
LoginValidator,0
portfolioImg(jsp),0
web_prmtv(html),0
PingHtml(html),0
register(jsp),0
PingWebSocketTextSync,0
PingCDIJSFBean,0
PingCDIJSF(xhtml),0
PingUpgradeServlet,0
PingWebSocketJson,0
PingManagedExecutor,0
account(xhtml),0
PingBean,1
PingServlet2Jsp,1
PingServlet2Servlet,1
PingServlet2ServletRcv,1
PingServlet2Jsp(jsp),1
PingServlet2PDF,1
PingCDIBean,2
PingEJBIFace,2
displayQuote(jsp),2
PingSession3Object,2
marketSummary(jsp),2
marketSummary(html),2
PingSession3,2
PingServletCDI,2
PingInterceptorBinding,2
quoteImg(jsp),2
quote(jsp),2
PingEJBLocalDecorator,2
PingEJBLocal,2
PingServletCDIBeanManagerViaCDICurrent,2
PingServletCDIBeanManagerViaJNDI,2
PingInterceptor,2
MarketSummaryDataBean,3
MarketSummaryWebSocket,3
MarketSummaryJSF,3
QuoteData,3
MarketSummarySingleton,3
RecentStockChangeList,3
TradeConfigServlet,4
TradeConfigJSF,4
RunStatsDataBean,4
config(jsp),4
runStats(jsp),4
configure(xhtml),4
KeyBlock,-1
keygenejb(table),-1
KeySequenceDirect,-1
TradeAction,-1
TradeAppJSF,-1
TradeAppServlet,-1
TradeDirect,-1
TradeServices,-1
TradeServletAction,-1
TradeSLSBBean,-1
TradeSLSBLocal,-1
TradeSLSBRemote,-1
tradehome(jsp),-1
tradehome(xhtml),-1
tradehomeImg(jsp),-1
FinancialUtils,-1
MDBStats,-1
TimerStat,-1
TradeActionProducer,-1
Log,-1
contentHome(html),-1
footer(html),-1
glossary(html),-1
header(html),-1
index(html),-1
index(xhtml),-1
tradeFAQ(html),-1
tradeFAQ(xhtml),-1
tradeversion(html),-1
ActionDecoder,-1
ActionMessage,-1
ExternalContextProducer,-1
JsonDecoder,-1
JsonEncoder,-1
JsonMessage,-1
WebSocketJMSMessage,-1
error(jsp),-1
sample(jsp),-1
benchmarking(html),-1
documentation(html),-1
leftMenu(html),-1
rtCharacterisitics(html),-1
